,BLM,ELM,Co. Seq.,ID_NUMBER,Thru_Lanes,ROW ,Num_Lns,Spd_Limit,Terrain,Land_Use,Illum,Operation,Acc_Ctrl,Sch Spd Limit,Truck Spd Limit,BLM_Lat,BLM_Long,ELM_Lat,ELM_Long
0,0.0,5.8,1,3300948001,2,40.0,2,40.0,2.0,0,,2,0,,,35.1553557018711,-85.1055843744387,35.2061146353671,-85.0686569394883
1,0.0,0.12,1,3300951001,2,120.0,2,35.0,2.0,0,1.0,2,0,,,35.2130886679552,-85.2177272393997,35.211818816029,-85.2162596162363
2,0.12,1.08,1,3300951001,2,50.0,2,35.0,2.0,0,0.0,2,0,,,35.211818816029,-85.2162596162363,35.2025446456001,-85.2075012206755
3,1.08,2.21,1,3300951001,2,50.0,2,35.0,2.0,7,0.0,2,0,,,35.2025446456001,-85.2075012206755,35.1916950497524,-85.1927646205584
4,2.21,2.43,1,3300951001,2,60.0,2,35.0,2.0,7,0.0,2,0,15.0,,35.1916950497524,-85.1927646205584,35.1893217748355,-85.1902680084844
5,2.43,2.55,1,3300951001,2,60.0,2,35.0,2.0,7,0.0,2,0,,,35.1893217748355,-85.1902680084844,35.1879721363682,-85.1889265163558
6,2.55,3.92,1,3300951001,2,60.0,2,45.0,2.0,7,0.0,2,0,,,35.1879721363682,-85.1889265163558,35.1711625789729,-85.1764131636594
7,0.0,0.06,1,3301122001,4,100.0,4,40.0,2.0,2,1.0,2,0,,,35.042502319091,-85.155945146103,35.0421512932338,-85.1549842728364
8,0.06,0.12,1,3301122001,4,100.0,4,40.0,2.0,2,1.0,2,0,,,35.0421512932338,-85.1549842728364,35.0418043174548,-85.1540211423523
9,0.12,0.48,1,3301122001,4,90.0,4,40.0,2.0,2,1.0,2,0,,,35.0418043174548,-85.1540211423523,35.0396575525743,-85.1482177184381
10,0.48,0.79,1,3301122001,4,90.0,4,40.0,2.0,2,1.0,2,0,,,35.0396575525743,-85.1482177184381,35.0378829662016,-85.1432464749441
11,0.79,1.4,1,3301122001,2,80.0,2,40.0,2.0,4,1.0,2,0,,,35.0378829662016,-85.1432464749441,35.0341258997667,-85.1335179063909
12,1.4,1.425,1,3301122001,2,120.0,2,40.0,2.0,2,1.0,2,0,,,35.0341258997667,-85.1335179063909,35.0343359008533,-85.1333248946859
13,1.425,1.445,1,3301122001,2,60.0,2,35.0,2.0,2,1.0,2,0,,,35.0343359008533,-85.1333248946859,35.0345780302762,-85.1333132288792
14,1.445,1.495,1,3301122001,2,60.0,2,35.0,2.0,2,1.0,2,0,15.0,,35.0345780302762,-85.1333132288792,35.0352510431124,-85.1330232755224
15,1.495,1.57,1,3301122001,2,40.0,2,35.0,2.0,7,1.0,2,0,15.0,,35.0352510431124,-85.1330232755224,35.036266147555,-85.1326081923094
16,1.57,2.92,1,3301122001,2,44.0,2,35.0,2.0,7,1.0,2,0,,,35.036266147555,-85.1326081923094,35.0431013152625,-85.1157850650148
17,2.92,5.685,1,3301122001,2,40.0,2,35.0,2.0,7,0.0,2,0,,,35.0431013152625,-85.1157850650148,35.0476083188486,-85.0726579772162
18,0.0,0.24600000000000002,1,3301126001,2,80.0,2,45.0,2.0,2,,2,0,,,35.2027776393254,-85.1533191111604,35.2063066464298,-85.1536901112559
19,0.24600000000000002,0.38,1,3301126001,2,64.0,2,45.0,2.0,2,,2,0,,,35.2063066464298,-85.1536901112559,35.2080949617262,-85.1545886852002
20,0.38,2.11,1,3301126001,2,80.0,2,45.0,2.0,0,,2,0,,,35.2080949617262,-85.1545886852002,35.231952697384,-85.1509771010175
21,2.11,3.1,1,3301126001,2,120.0,2,45.0,2.0,0,,2,0,,,35.231952697384,-85.1509771010175,35.2320116996486,-85.1681831357825
22,3.1,3.81,1,3301126001,2,120.0,2,45.0,2.0,0,,2,0,,,35.2320116996486,-85.1681831357825,35.2366013010766,-85.1768966221626
23,3.81,3.99,1,3301126001,2,120.0,2,45.0,2.0,0,,2,0,25.0,,35.2366013010766,-85.1768966221626,35.2390962142801,-85.1758647378216
24,3.99,5.04,1,3301126001,2,120.0,2,45.0,2.0,0,,2,0,,,35.2390962142801,-85.1758647378216,35.253292504384,-85.1815164498262
25,5.04,5.15,1,3301126001,2,120.0,2,45.0,2.0,2,,2,0,,,35.253292504384,-85.1815164498262,35.254655746723,-85.1825271605898
26,5.15,6.1739999999999995,1,3301126001,2,60.0,2,40.0,2.0,2,,2,0,,,35.254655746723,-85.1825271605898,35.2425987237766,-85.1919231818119
27,6.1739999999999995,6.7,1,3301126001,2,30.0,2,40.0,3.0,7,,2,0,,,35.2425987237766,-85.1919231818119,35.24370405664,-85.1962642177488
28,6.7,9.386000000000001,1,3301126001,2,50.0,2,40.0,3.0,7,,2,0,,,35.24370405664,-85.1962642177488,35.2606657622552,-85.2108202166853
29,9.386000000000001,13.76,1,3301126001,2,50.0,2,35.0,3.0,7,,2,0,,,35.2606657622552,-85.2108202166853,35.2880498245466,-85.2717963349762
30,0.0,0.45,1,3301128001,1,40.0,1,,2.0,0,,2,0,,,35.3665029462149,-84.990457751055,35.3639118346596,-84.9832473505571
31,0.0,0.04,1,3301143001,2,60.0,2,45.0,2.0,0,0.0,2,0,,,35.0219982612118,-85.0220188799214,35.0217101898894,-85.0225495755339
32,0.04,2.54,1,3301143001,2,60.0,2,45.0,2.0,0,0.0,2,0,,,35.0217101898894,-85.0225495755339,35.0005219239933,-85.0541418962302
33,2.54,2.98,1,3301143001,2,60.0,2,45.0,2.0,0,0.0,2,0,30.0,,35.0005219239933,-85.0541418962302,34.9953985495497,-85.0586071184644
34,2.98,5.57,1,3301143001,2,60.0,2,45.0,2.0,0,0.0,2,0,,,34.9953985495497,-85.0586071184644,34.9998182260445,-85.0947200305908
35,0.0,0.92,1,3301145001,2,100.0,2,45.0,2.0,0,,2,0,,,35.1747765675037,-85.0277108626695,35.1627463823763,-85.0345858745093
36,0.92,4.18,1,3301145001,2,100.0,2,50.0,2.0,0,,2,0,,,35.1627463823763,-85.0345858745093,35.1183364570612,-85.0469589121385
37,4.18,5.09,1,3301145001,2,40.0,2,50.0,2.0,0,,2,0,,,35.1183364570612,-85.0469589121385,35.107232148259,-85.0482735054997
38,5.09,6.02,1,3301145001,2,40.0,2,40.0,2.0,0,,2,0,,,35.107232148259,-85.0482735054997,35.0943037303561,-85.0529242997346
39,6.02,6.67,1,3301145001,2,40.0,2,40.0,2.0,0,1.0,2,0,,,35.0943037303561,-85.0529242997346,35.0854878271054,-85.0570361389958
40,6.67,6.88,1,3301145001,2,40.0,2,40.0,2.0,7,1.0,2,0,,,35.0854878271054,-85.0570361389958,35.0826873872254,-85.0585349421759
41,0.0,0.11199999999999999,1,3301147001,4,80.0,4,40.0,2.0,2,1.0,2,0,,,35.0985824524887,-85.3280544830505,35.1001974556646,-85.327609481861
42,0.11199999999999999,0.26,1,3301147001,2,60.0,2,40.0,2.0,4,1.0,2,0,,,35.1001974556646,-85.327609481861,35.1022702230754,-85.3274882598745
43,0.26,0.62,1,3301147001,2,50.0,2,40.0,2.0,4,1.0,2,0,,,35.1022702230754,-85.3274882598745,35.1071813570986,-85.3262672523783
44,0.62,0.68,1,3301147001,2,100.0,2,40.0,2.0,4,1.0,2,0,,,35.1071813570986,-85.3262672523783,35.1079330090519,-85.3264387481847
45,0.68,0.78,1,3301147001,2,50.0,2,40.0,2.0,4,1.0,2,0,,,35.1079330090519,-85.3264387481847,35.1091665525135,-85.3272400667269
46,0.78,2.59,1,3301147001,2,40.0,2,40.0,3.0,0,0.0,2,0,,,35.1091665525135,-85.3272400667269,35.1302419853802,-85.3197194749024
47,2.59,3.7260000000000004,1,3301147001,2,40.0,2,40.0,3.0,0,0.0,2,0,,,35.1302419853802,-85.3197194749024,35.1446355430546,-85.3154034491889
48,3.7260000000000004,4.15,1,3301147001,2,40.0,2,40.0,3.0,7,0.0,2,0,,,35.1446355430546,-85.3154034491889,35.1470319847161,-85.3180538622083
49,4.15,6.7410000000000005,1,3301147001,2,40.0,2,30.0,2.0,7,0.0,2,0,,,35.1470319847161,-85.3180538622083,35.1790566106957,-85.3055584230683
50,6.7410000000000005,8.95,1,3301147001,2,40.0,2,35.0,2.0,0,0.0,2,0,,,35.1790566106957,-85.3055584230683,35.2028066585516,-85.3084594246204
51,8.95,11.87,1,3301147001,2,50.0,2,35.0,2.0,0,0.0,2,0,,,35.2028066585516,-85.3084594246204,35.1875326330488,-85.3498575110276
52,0.0,2.967,1,3301149001,2,44.0,2,40.0,2.0,0,,2,0,,,35.2695857692146,-85.1235180385077,35.2995648257932,-85.0966119784924
53,2.967,5.648,1,3301149001,2,40.0,2,40.0,2.0,0,,2,0,,,35.2995648257932,-85.0966119784924,35.3252988742638,-85.0728309255546
54,5.648,9.83,1,3301149001,2,40.0,2,35.0,2.0,0,,2,0,,,35.3252988742638,-85.0728309255546,35.3410179127637,-85.1289890362529
55,0.0,1.39,1,3301151001,2,50.0,2,35.0,2.0,0,0.0,2,0,,,35.3877250035134,-85.1077689845614,35.395255016327,-85.0899139469909
56,1.39,4.45,1,3301151001,2,36.0,2,35.0,2.0,0,0.0,2,0,,,35.395255016327,-85.0899139469909,35.4179980590053,-85.0676668976513
57,4.45,4.836,1,3301151001,2,36.0,2,30.0,2.0,0,0.0,2,0,,,35.4179980590053,-85.0676668976513,35.4185650593219,-85.0611988844421
58,4.836,6.0,1,3301151001,2,40.0,2,30.0,2.0,0,0.0,2,0,,,35.4185650593219,-85.0611988844421,35.4262590730272,-85.0479068560621
59,0.0,0.12,2,3301151002,2,36.0,2,,2.0,0,,2,0,,,35.4254600712447,-85.0464498532615,35.4245070691166,-85.0446958498884
60,0.0,1.8,1,3301406001,4,80.0,4,45.0,2.0,2,1.0,2,0,,,35.0839924220286,-85.3175724645339,35.104795184929,-85.2987030840079
61,1.8,2.63,1,3301406001,4,80.0,4,35.0,2.0,2,1.0,2,0,,,35.104795184929,-85.2987030840079,35.1155235464441,-85.2918816489383
62,2.63,2.81,1,3301406001,4,80.0,4,35.0,2.0,2,1.0,2,0,15.0,,35.1155235464441,-85.2918816489383,35.1179362626278,-85.2906661042699
63,2.81,3.347,1,3301406001,4,80.0,4,35.0,2.0,2,1.0,2,0,,,35.1179362626278,-85.2906661042699,35.124431499031,-85.2858693932257
64,3.347,3.9589999999999996,1,3301406001,4,70.0,4,45.0,2.0,2,1.0,2,0,,,35.124431499031,-85.2858693932257,35.1327225151227,-85.281866383638
65,3.9589999999999996,5.04,1,3301406001,4,80.0,4,45.0,2.0,2,1.0,2,0,,,35.1327225151227,-85.281866383638,35.146817213752,-85.2736740082515
66,5.04,6.928999999999999,1,3301406001,2,80.0,2,50.0,2.0,2,1.0,2,0,,,35.146817213752,-85.2736740082515,35.1702295870649,-85.2568523262935
67,6.928999999999999,7.42,1,3301406001,2,80.0,2,50.0,2.0,2,1.0,2,0,,,35.1702295870649,-85.2568523262935,35.1758615979668,-85.2515697183221
68,7.42,7.52,1,3301406001,2,150.0,2,50.0,2.0,2,1.0,2,0,,,35.1758615979668,-85.2515697183221,35.1769975998155,-85.2504723121705
69,7.52,7.56,1,3301406001,4,200.0,4,50.0,2.0,2,1.0,2,0,,,35.1769975998155,-85.2504723121705,35.1774375761955,-85.249984658737
70,7.56,7.86,1,3301406001,3,500.0,3,50.0,2.0,2,1.0,2,0,,,35.1774375761955,-85.249984658737,35.1808856071279,-85.2467093038586
71,0.0,0.61,1,3301431001,2,40.0,2,35.0,2.0,7,1.0,2,0,,,35.0599813384373,-85.031904892721,35.0670313533474,-85.0382849042647
72,0.61,0.861,1,3301431001,2,36.0,2,35.0,2.0,7,1.0,2,0,,,35.0670313533474,-85.0382849042647,35.07030735967,-85.0364738999974
73,0.861,1.55,1,3301431001,2,40.0,2,35.0,2.0,0,,2,0,,,35.07030735967,-85.0364738999974,35.0792993773316,-85.0339268931721
74,0.0,2.57,1,3302154001,2,50.0,2,35.0,2.0,7,,2,0,,,35.0431013152625,-85.1157850650148,35.0139997398537,-85.0900461930729
75,2.57,5.39,1,3302154001,2,50.0,2,35.0,2.0,0,,2,0,,,35.0139997398537,-85.0900461930729,35.02558127326,-85.0605289568765
76,0.0,2.677,1,3302156001,2,40.0,2,35.0,2.0,0,,2,0,,,35.1326904887211,-85.0702909565405,35.1393775066167,-85.1061810277409
77,2.677,3.32,1,3302156001,2,40.0,2,35.0,2.0,0,,2,0,,,35.1393775066167,-85.1061810277409,35.1360755013026,-85.1164540490936
78,0.0,0.09,1,3302158001,3,150.0,3,50.0,2.0,0,,2,0,,,35.231952697384,-85.1509771010175,35.2316209274914,-85.1494372447189
79,0.09,0.25,1,3302158001,3,100.0,3,50.0,2.0,0,,2,0,,,35.2316209274914,-85.1494372447189,35.2313635119018,-85.1466329225046
80,0.25,1.97,1,3302158001,2,100.0,2,50.0,2.0,0,,2,0,,,35.2313635119018,-85.1466329225046,35.2286441736743,-85.1168168630269
81,1.97,2.34,1,3302158001,2,100.0,2,50.0,2.0,0,,2,0,,,35.2286441736743,-85.1168168630269,35.2278557657548,-85.1104521740995
82,2.34,3.167,1,3302158001,2,100.0,2,45.0,2.0,0,,2,0,,,35.2278557657548,-85.1104521740995,35.2305546878365,-85.0971229924344
83,3.167,4.26,1,3302158001,2,40.0,2,30.0,2.0,0,,2,0,,,35.2305546878365,-85.0971229924344,35.2254056794643,-85.112446024363
84,0.0,2.82,1,3302160001,2,40.0,2,40.0,2.0,0,,2,0,,,35.3150058479832,-85.0278538364969,35.2920647985665,-85.0000707846427
85,2.82,4.85,1,3302160001,2,40.0,2,40.0,2.0,0,,2,0,,,35.2920647985665,-85.0000707846427,35.2708142824997,-84.9855310422442
86,4.85,5.27,1,3302160001,2,30.0,2,40.0,2.0,0,,2,0,,,35.2708142824997,-84.9855310422442,35.2684437485934,-84.978676745866
87,5.27,6.04,1,3302160001,2,40.0,2,40.0,2.0,0,,2,0,,,35.2684437485934,-84.978676745866,35.2751947607619,-84.968250723502
88,0.0,0.154,1,3302162001,3,150.0,3,50.0,2.0,0,,2,0,,,35.1881316215611,-85.2462293015634,35.1903726260152,-85.2460023006949
89,0.154,0.23,1,3302162001,2,150.0,2,50.0,2.0,0,,2,0,,,35.1903726260152,-85.2460023006949,35.1914465100858,-85.2457245265966
90,0.23,1.85,1,3302162001,2,80.0,2,50.0,2.0,0,,2,0,,,35.1914465100858,-85.2457245265966,35.211386666166,-85.2307852660992
91,1.85,2.85,1,3302162001,2,80.0,2,40.0,2.0,2,,2,0,,,35.211386666166,-85.2307852660992,35.222438869529,-85.2205220725914
92,2.85,3.02,1,3302162001,2,80.0,2,40.0,2.0,2,1.0,2,0,,,35.222438869529,-85.2205220725914,35.2239976216159,-85.2182421565515
93,3.02,3.56,1,3302162001,2,80.0,2,40.0,2.0,2,1.0,2,0,,,35.2239976216159,-85.2182421565515,35.2290913393462,-85.2108156537775
94,3.56,4.87,1,3302162001,2,80.0,2,40.0,2.0,7,1.0,2,0,,,35.2290913393462,-85.2108156537775,35.2415882527707,-85.1931176790246
95,4.87,4.96,1,3302162001,2,80.0,2,40.0,2.0,2,1.0,2,0,,,35.2415882527707,-85.1931176790246,35.2425307236503,-85.1920011819821
96,0.0,0.61,1,3302199001,2,60.0,2,40.0,2.0,4,,2,0,,,34.9866582363737,-85.3918656318218,34.9936460384079,-85.3860163045361
97,0.61,2.81,1,3302199001,2,60.0,2,45.0,2.0,5,1.0,2,0,,,34.9936460384079,-85.3860163045361,35.0203023005069,-85.3657715732075
98,0.0,0.005,1,3302201001,2,50.0,2,35.0,2.0,7,0.0,2,0,,,35.02558127326,-85.0605289568765,35.0256292733471,-85.0604589567264
99,0.005,1.12,1,3302201001,2,50.0,2,35.0,2.0,7,1.0,2,0,,,35.0256292733471,-85.0604589567264,35.0409693873004,-85.0555878110616
100,1.12,1.33,1,3302201001,2,50.0,2,30.0,2.0,7,1.0,2,0,,,35.0409693873004,-85.0555878110616,35.0434318757502,-85.0535041381986
101,1.33,1.61,1,3302201001,2,50.0,2,30.0,2.0,7,1.0,2,0,15.0,,35.0434318757502,-85.0535041381986,35.0463669504376,-85.0506290685351
102,1.61,1.93,1,3302201001,2,60.0,2,30.0,2.0,9,1.0,2,0,,,35.0463669504376,-85.0506290685351,35.0506191891622,-85.0488286114587
103,1.93,2.1,1,3302201001,2,60.0,2,30.0,2.0,2,1.0,2,0,,,35.0506191891622,-85.0488286114587,35.0528593263069,-85.0485819276866
104,0.0,2.33,1,3302205001,2,44.0,2,40.0,2.0,0,0.0,2,0,,,35.1396213410961,-85.1207538363644,35.1215533824317,-85.0947544053464
105,2.33,2.5,1,3302205001,2,40.0,2,40.0,2.0,0,0.0,2,0,20.0,,35.1215533824317,-85.0947544053464,35.1216836226233,-85.0917657051993
106,2.5,5.66,1,3302205001,2,40.0,2,40.0,2.0,0,,2,0,,,35.1216836226233,-85.0917657051993,35.0841600668099,-85.0767584299154
107,5.66,5.76,1,3302205001,2,100.0,2,40.0,2.0,0,,2,0,,,35.0841600668099,-85.0767584299154,35.0840612501923,-85.0750417400648
108,5.76,5.95,1,3302205001,3,150.0,3,40.0,2.0,0,,2,0,,,35.0840612501923,-85.0750417400648,35.0858933493892,-85.0727947643999
109,5.95,6.01,1,3302205001,4,150.0,4,40.0,2.0,0,,2,0,,,35.0858933493892,-85.0727947643999,35.0866483968972,-85.072282469208
110,6.01,6.11,1,3302205001,3,150.0,3,40.0,2.0,2,,2,0,,,35.0866483968972,-85.072282469208,35.087712398854,-85.0710229664284
111,6.11,6.21,1,3302205001,4,100.0,4,40.0,2.0,2,,2,0,,,35.087712398854,-85.0710229664284,35.0867066759386,-85.0694394543987
112,6.21,6.28,1,3302205001,4,300.0,4,40.0,2.0,2,,2,0,,,35.0867066759386,-85.0694394543987,35.0861993954708,-85.068195961008
113,0.0,0.12,1,3302207001,3,100.0,3,40.0,2.0,2,,2,0,,,35.087712398854,-85.0710229664284,35.0882041140412,-85.0690426778786
114,0.12,0.35,1,3302207001,4,100.0,4,40.0,2.0,2,,2,0,,,35.0882041140412,-85.0690426778786,35.0879573985815,-85.0649869542056
115,0.35,0.66,1,3302207001,2,60.0,2,40.0,2.0,2,,2,0,,,35.0879573985815,-85.0649869542056,35.0921300298322,-85.0651615462835
116,0.66,0.97,1,3302207001,2,50.0,2,40.0,2.0,0,,2,0,15.0,,35.0921300298322,-85.0651615462835,35.0961085150114,-85.0636385902796
117,0.97,7.11,1,3302207001,2,50.0,2,40.0,2.0,0,,2,0,,,35.0961085150114,-85.0636385902796,35.1793365794313,-85.0498489065213
118,0.0,0.14,1,3302209001,2,40.0,2,25.0,2.0,4,1.0,2,0,,,35.1219505011832,-85.3441225112676,35.1226625028932,-85.3464735158853
119,0.14,0.15,1,3302209001,2,30.0,2,25.0,2.0,4,1.0,2,0,,,35.1226625028932,-85.3464735158853,35.122793503177,-85.346653516225
120,0.15,0.22,1,3302209001,2,40.0,2,25.0,2.0,4,1.0,2,0,,,35.122793503177,-85.346653516225,35.123622998217,-85.3472520580206
121,0.22,0.43,1,3302209001,2,40.0,2,25.0,2.0,7,1.0,2,0,,,35.123622998217,-85.3472520580206,35.126413510308,-85.3457545137581
122,0.43,1.67,1,3302209001,2,40.0,2,30.0,2.0,7,1.0,2,0,,,35.126413510308,-85.3457545137581,35.1424043270898,-85.3500532588208
123,1.67,2.3,1,3302209001,2,40.0,2,30.0,2.0,0,0.0,2,0,,,35.1424043270898,-85.3500532588208,35.1510500610326,-85.3497114585836
124,2.3,2.99,1,3302209001,2,60.0,2,30.0,2.0,0,0.0,2,0,,,35.1510500610326,-85.3497114585836,35.1559205709399,-85.3590535352978
125,0.0,4.55,1,3302211001,2,50.0,2,45.0,2.0,0,,2,0,,,35.1747765675037,-85.0277108626695,35.2340329969038,-84.9932564367745
126,4.55,7.76,1,3302211001,2,44.0,2,45.0,2.0,0,,2,0,,,35.2340329969038,-84.9932564367745,35.2751947607619,-84.968250723502
127,7.76,9.37,1,3302211001,2,50.0,2,45.0,2.0,0,,2,0,,,35.2751947607619,-84.968250723502,35.2876377026653,-84.9463137812109
128,0.0,0.63,1,3302213001,2,32.0,2,35.0,2.0,0,,2,0,,,35.1859766075975,-85.1683501446364,35.1923106212208,-85.176017158954
129,0.0,1.19,1,3302215001,2,40.0,2,30.0,1.0,0,,2,0,,,35.2303626916752,-85.1307600604521,35.2144386591148,-85.1250790519347
130,0.0,0.91,1,3302217001,2,,2,,2.0,0,,2,0,,,35.2573927552969,-85.2074932105613,35.2685235617507,-85.2041140247813
131,0.91,3.737,1,3302217001,2,40.0,2,30.0,2.0,7,,2,0,,,35.2685235617507,-85.2041140247813,35.2917968195117,-85.1705271294487
132,3.737,4.07,1,3302217001,2,40.0,2,30.0,2.0,7,1.0,2,0,,,35.2917968195117,-85.1705271294487,35.2914608181894,-85.1653091189567
133,0.0,0.59,1,3302219001,2,100.0,2,45.0,2.0,0,1.0,2,0,,,35.2771467883294,-85.1554341016407,35.2835039397351,-85.1552419346652
134,0.59,0.83,1,3302219001,2,100.0,2,45.0,2.0,2,1.0,2,0,,,35.2835039397351,-85.1552419346652,35.2868889396148,-85.1556178168565
135,0.83,0.91,1,3302219001,2,100.0,2,40.0,2.0,2,1.0,2,0,,,35.2868889396148,-85.1556178168565,35.288022810093,-85.1555260998075
136,0.91,1.083,1,3302219001,2,30.0,2,20.0,2.0,7,1.0,2,0,,,35.288022810093,-85.1555260998075,35.2885368114969,-85.1585381058041
137,1.083,1.5119999999999998,1,3302219001,2,21.0,2,20.0,2.0,7,1.0,2,0,,,35.2885368114969,-85.1585381058041,35.2898528150654,-85.1660471207476
138,1.5119999999999998,1.63,1,3302219001,2,32.0,2,20.0,2.0,7,1.0,2,0,,,35.2898528150654,-85.1660471207476,35.2914608181894,-85.1653091189567
139,1.63,1.76,1,3302219001,2,40.0,2,20.0,2.0,7,0.0,2,0,,,35.2914608181894,-85.1653091189567,35.2932963959884,-85.1647895411424
140,1.76,2.327,1,3302219001,2,40.0,2,35.0,2.0,2,0.0,2,0,,,35.2932963959884,-85.1647895411424,35.3012398377926,-85.1656711178752
141,2.327,2.391,1,3302219001,2,40.0,2,35.0,2.0,2,1.0,2,0,,,35.3012398377926,-85.1656711178752,35.3021748396456,-85.1655351174267
142,2.391,2.73,1,3302219001,2,100.0,2,35.0,2.0,7,1.0,2,0,,,35.3021748396456,-85.1655351174267,35.3056826576066,-85.1613845533295
143,2.73,3.15,1,3302219001,2,38.0,2,35.0,2.0,7,,2,0,,,35.3056826576066,-85.1613845533295,35.3112462559622,-85.1599896929225
144,3.15,4.38,1,3302219001,2,34.0,2,35.0,2.0,7,,2,0,,,35.3112462559622,-85.1599896929225,35.3262224913025,-85.1496361021144
145,4.38,5.87,1,3302219001,2,50.0,2,35.0,2.0,0,,2,0,,,35.3262224913025,-85.1496361021144,35.3429579171703,-85.1331940444015
146,5.87,6.18,1,3302219001,2,40.0,2,35.0,2.0,0,,2,0,,,35.3429579171703,-85.1331940444015,35.3410179127637,-85.1289890362529
147,0.0,3.06,1,3302221001,2,44.0,2,40.0,2.0,0,,2,0,,,35.2269726711416,-85.0217568407987,35.262901255762,-85.0213472016978
148,3.06,3.23,1,3302221001,2,44.0,2,35.0,2.0,0,,2,0,,,35.262901255762,-85.0213472016978,35.2650989193567,-85.0200195129484
149,3.23,5.45,1,3302221001,2,44.0,2,40.0,2.0,0,,2,0,,,35.2650989193567,-85.0200195129484,35.2920647985665,-85.0000707846427
150,0.0,2.52,1,3302223001,2,40.0,2,30.0,2.0,0,,2,0,,,35.3403599102898,-85.1197520176816,35.3697159663058,-85.0982989687623
151,0.0,1.99,1,3302227001,2,40.0,2,35.0,2.0,0,,2,0,,,35.413862050795,-85.0681528994154,35.395255016327,-85.0899139469909
152,0.0,0.04,1,3303542001,4,300.0,4,40.0,1.0,5,1.0,2,0,,,35.1145104756354,-85.2569533366644,35.114020985338,-85.2566538599155
153,0.04,0.08,1,3303542001,4,300.0,5,40.0,1.0,5,1.0,2,0,,,35.114020985338,-85.2566538599155,35.1138153875988,-85.2559972545617
154,0.08,0.29,1,3303542001,4,100.0,5,40.0,1.0,2,1.0,2,0,,,35.1138153875988,-85.2559972545617,35.1125443970203,-85.2526238518606
155,0.29,0.315,1,3303542001,4,100.0,4,40.0,1.0,2,1.0,2,0,,,35.1125443970203,-85.2526238518606,35.1123914788374,-85.2522253894003
156,0.315,0.32,1,3303542001,4,100.0,4,50.0,1.0,2,1.0,2,0,,,35.1123914788374,-85.2522253894003,35.1123611524588,-85.2521455506077
157,0.32,0.47,1,3303542001,4,150.0,5,50.0,1.0,9,1.0,2,0,,,35.1123611524588,-85.2521455506077,35.1114543523093,-85.2497494348513
158,0.47,0.5,1,3303542001,4,150.0,4,50.0,1.0,9,1.0,2,0,,,35.1114543523093,-85.2497494348513,35.111264611074,-85.2492748995379
159,0.5,1.73,1,3303542001,4,100.0,4,50.0,2.0,5,1.0,2,0,,,35.111264611074,-85.2492748995379,35.1089796985132,-85.2304592138312
160,1.73,1.76,1,3303542001,3,160.0,3,50.0,2.0,9,1.0,2,0,,,35.1089796985132,-85.2304592138312,35.1089305096001,-85.2299714571338
161,1.76,1.93,1,3303542001,3,120.0,3,50.0,2.0,9,1.0,2,0,,,35.1089305096001,-85.2299714571338,35.1104640695558,-85.2281138512553
162,1.93,1.96,1,3303542001,3,100.0,3,50.0,2.0,9,1.0,2,0,,,35.1104640695558,-85.2281138512553,35.1108695928468,-85.2282985492062
163,1.96,2.02,1,3303542001,2,100.0,2,50.0,2.0,9,1.0,2,0,,,35.1108695928468,-85.2282985492062,35.1113939846112,-85.229129902926
164,2.02,2.05,1,3303542001,1,150.0,1,50.0,2.0,9,1.0,1,0,,,35.1113939846112,-85.229129902926,35.1117567530205,-85.2294204920691
165,0.0,0.22,1,3303546001,4,75.0,4,30.0,2.0,2,1.0,2,0,,,35.0626703782729,-85.3084884500618,35.0617783760388,-85.3048084428001
166,0.22,0.305,1,3303546001,4,60.0,4,30.0,2.0,2,1.0,2,0,,,35.0617783760388,-85.3048084428001,35.061230300031,-85.3034776538521
167,0.305,0.41,1,3303546001,3,100.0,3,30.0,2.0,2,1.0,2,0,,,35.061230300031,-85.3034776538521,35.0609593739935,-85.3014794362334
168,0.41,0.92,1,3303546001,5,100.0,5,35.0,2.0,2,1.0,2,0,,,35.0609593739935,-85.3014794362334,35.0537806849336,-85.3037737599163
169,0.92,1.04,1,3303546001,4,70.0,4,30.0,2.0,2,1.0,2,0,,,35.0537806849336,-85.3037737599163,35.0521815972155,-85.3046456267964
170,1.04,1.12,1,3303546001,3,68.0,3,30.0,2.0,2,1.0,2,0,,,35.0521815972155,-85.3046456267964,35.0511613548548,-85.3052254455615
171,1.12,1.325,1,3303546001,2,80.0,2,30.0,2.0,2,1.0,2,0,,,35.0511613548548,-85.3052254455615,35.0484243495713,-85.3067854492026
172,1.325,1.425,1,3303546001,3,50.0,3,30.0,2.0,2,1.0,1,0,,,35.0484243495713,-85.3067854492026,35.0471513471087,-85.3074684508102
173,1.425,1.53,1,3303546001,4,60.0,4,30.0,2.0,2,1.0,1,0,,,35.0471513471087,-85.3074684508102,35.0458033445023,-85.3082024525341
174,0.0,0.07,1,3303547001,2,52.0,2,30.0,2.0,7,1.0,1,0,,,35.0527786272055,-85.3026207725982,35.0519333561347,-85.3030654410654
175,0.07,0.41,1,3303547001,2,56.0,2,30.0,2.0,2,1.0,1,0,,,35.0519333561347,-85.3030654410654,35.0474413474598,-85.3055964469824
176,0.41,0.66,1,3303547001,2,40.0,2,30.0,2.0,2,1.0,1,0,,,35.0474413474598,-85.3055964469824,35.044201341213,-85.3075064514201
177,0.66,0.72,1,3303547001,2,50.0,2,30.0,2.0,2,1.0,1,0,,,35.044201341213,-85.3075064514201,35.0434263397145,-85.3079284524112
178,0.72,0.82,1,3303547001,2,80.0,2,30.0,2.0,2,1.0,1,0,,,35.0434263397145,-85.3079284524112,35.0421533372167,-85.3083234534378
179,0.0,0.03,1,3303548001,4,80.0,4,35.0,2.0,2,1.0,2,0,,,35.0419343368296,-85.3087404543184,35.0421533372167,-85.3083234534378
180,0.03,0.1,1,3303548001,2,40.0,2,35.0,2.0,2,1.0,1,0,,,35.0421533372167,-85.3083234534378,35.0425100150537,-85.3072368563686
181,0.1,0.15,1,3303548001,2,50.0,2,35.0,2.0,2,1.0,1,0,,,35.0425100150537,-85.3072368563686,35.0429493386091,-85.3066904500008
182,0.15,0.21,1,3303548001,2,56.0,2,35.0,2.0,2,1.0,1,0,,,35.0429493386091,-85.3066904500008,35.04369234003,-85.3061574487916
183,0.21,0.39399999999999996,1,3303548001,2,50.0,2,35.0,2.0,2,1.0,1,0,,,35.04369234003,-85.3061574487916,35.0461223447255,-85.3048104456358
184,0.39399999999999996,0.46,1,3303548001,3,50.0,3,35.0,2.0,2,1.0,1,0,,,35.0461223447255,-85.3048104456358,35.0469223462494,-85.3041874442347
185,0.46,0.618,1,3303548001,2,58.0,2,30.0,2.0,2,1.0,1,0,,,35.0469223462494,-85.3041874442347,35.0489813502257,-85.3030274415229
186,0.618,0.68,1,3303548001,3,55.0,3,30.0,2.0,7,1.0,1,0,,,35.0489813502257,-85.3030274415229,35.0502213526206,-85.3023304398928
187,0.68,0.8,1,3303548001,2,58.0,2,30.0,2.0,2,1.0,1,0,,,35.0502213526206,-85.3023304398928,35.0513993548962,-85.3016724383526
188,0.8,0.865,1,3303548001,2,40.0,2,30.0,2.0,2,1.0,1,0,,,35.0513993548962,-85.3016724383526,35.0522300000493,-85.3011434542802
189,0.0,0.16,1,3303549001,3,50.0,3,30.0,2.0,2,1.0,1,0,,,35.0500703515278,-85.2958694268896,35.0510811186838,-85.2983771091401
190,0.16,0.22,1,3303549001,2,60.0,2,30.0,2.0,2,1.0,1,0,,,35.0510811186838,-85.2983771091401,35.051279354379,-85.2994074338062
191,0.22,0.27,1,3303549001,3,60.0,4,30.0,2.0,2,1.0,2,0,,,35.051279354379,-85.2994074338062,35.051579652923,-85.3001978766331
192,0.27,0.29,1,3303549001,3,60.0,3,30.0,2.0,2,1.0,2,0,,,35.051579652923,-85.3001978766331,35.0517013603167,-85.3005131514918
193,0.29,0.4,1,3303549001,3,56.0,3,30.0,2.0,2,1.0,2,0,,,35.0517013603167,-85.3005131514918,35.0523905440684,-85.3022504982195
194,0.4,0.46,1,3303549001,2,50.0,2,30.0,2.0,2,1.0,2,0,,,35.0523905440684,-85.3022504982195,35.052759905001,-85.3032071347167
195,0.46,0.599,1,3303549001,2,56.0,2,30.0,2.0,2,1.0,2,0,,,35.052759905001,-85.3032071347167,35.0535243596107,-85.3054674456222
196,0.599,0.84,1,3303549001,3,50.0,3,30.0,2.0,2,1.0,1,0,,,35.0535243596107,-85.3054674456222,35.0535233601175,-85.3096294540167
197,0.0,0.06,1,3303550001,3,60.0,3,35.0,2.0,2,1.0,2,0,,,35.0480683502415,-85.3180994720847,35.048866860497,-85.3176493101576
198,0.06,0.17,1,3303550001,4,60.0,4,35.0,2.0,2,1.0,2,0,,,35.048866860497,-85.3176493101576,35.0495255627285,-85.3159764224501
199,0.17,0.29,1,3303550001,2,80.0,2,35.0,2.0,2,1.0,2,0,,,35.0495255627285,-85.3159764224501,35.0495555241112,-85.3138119470268
200,0.29,0.41,1,3303550001,2,60.0,2,35.0,2.0,2,1.0,2,0,,,35.0495555241112,-85.3138119470268,35.0496233525654,-85.3116614588198
201,0.41,0.47,1,3303550001,2,44.0,2,35.0,2.0,2,1.0,1,0,,,35.0496233525654,-85.3116614588198,35.0496693525192,-85.3105304565304
202,0.47,0.54,1,3303550001,3,44.0,3,35.0,2.0,2,1.0,1,0,,,35.0496693525192,-85.3105304565304,35.0496893524367,-85.309528454506
203,0.54,0.7190000000000001,1,3303550001,2,44.0,2,35.0,2.0,2,1.0,1,0,,,35.0496893524367,-85.309528454506,35.0497623521996,-85.3063944481721
204,0.7190000000000001,0.74,1,3303550001,2,44.0,2,35.0,2.0,2,1.0,2,0,,,35.0497623521996,-85.3063944481721,35.0497643521581,-85.3060224474215
205,0.0,0.46,1,3303551001,4,102.0,4,30.0,2.0,2,1.0,2,0,,,35.0493383531968,-85.3215014787167,35.0466003468266,-85.3141784644421
206,0.0,0.062,1,3303552001,6,100.0,6,30.0,2.0,2,1.0,2,0,,,35.0522463575584,-85.3095894541669,35.0522673574754,-85.3085664520998
207,0.062,0.18,1,3303552001,4,100.0,4,30.0,2.0,2,1.0,2,0,,,35.0522673574754,-85.3085664520998,35.0521951292186,-85.3064668605014
208,0.18,0.28,1,3303552001,4,110.0,4,30.0,2.0,2,1.0,2,0,,,35.0521951292186,-85.3064668605014,35.0521815972155,-85.3046456267964
209,0.28,0.33,1,3303552001,4,84.0,4,30.0,2.0,2,1.0,2,0,,,35.0521815972155,-85.3046456267964,35.0521026579305,-85.303755339353
210,0.33,0.46,1,3303552001,3,56.0,3,30.0,2.0,2,1.0,2,0,,,35.0521026579305,-85.303755339353,35.0513993548962,-85.3016724383526
211,0.46,0.58,1,3303552001,2,60.0,2,30.0,2.0,2,1.0,1,0,,,35.0513993548962,-85.3016724383526,35.0506843532336,-85.29977243465
212,0.58,0.69,1,3303552001,3,60.0,3,30.0,2.0,9,1.0,1,0,,,35.0506843532336,-85.29977243465,35.0507811829019,-85.2977829831947
213,0.69,0.78,1,3303552001,3,54.0,3,30.0,2.0,9,1.0,2,0,,,35.0507811829019,-85.2977829831947,35.0502043341462,-85.2962154288175
214,0.78,0.8,1,3303552001,3,64.0,3,30.0,2.0,9,1.0,2,0,15.0,,35.0502043341462,-85.2962154288175,35.0500703515278,-85.2958694268896
215,0.8,0.88,1,3303552001,4,64.0,4,30.0,2.0,9,1.0,2,0,15.0,,35.0500703515278,-85.2958694268896,35.0496061134503,-85.2946388791163
216,0.88,0.95,1,3303552001,4,66.0,4,30.0,2.0,9,1.0,2,0,,,35.0496061134503,-85.2946388791163,35.0491057644444,-85.2937281102155
217,0.95,1.05,1,3303552001,4,64.0,4,30.0,2.0,2,1.0,2,0,,,35.0491057644444,-85.2937281102155,35.0484297782074,-85.292288552391
218,1.05,1.48,1,3303552001,4,70.0,4,30.0,2.0,2,1.0,2,0,,,35.0484297782074,-85.292288552391,35.0458041310528,-85.2852812375296
219,1.48,1.73,1,3303552001,4,74.0,4,30.0,2.0,2,1.0,2,0,,,35.0458041310528,-85.2852812375296,35.044332131025,-85.2813133285954
220,1.73,1.82,1,3303552001,4,80.0,4,30.0,2.0,2,1.0,2,0,,,35.044332131025,-85.2813133285954,35.0437773369812,-85.2798813957871
221,1.82,1.97,1,3303552001,4,70.0,4,30.0,2.0,2,1.0,2,0,,,35.0437773369812,-85.2798813957871,35.0428928665889,-85.2774580711725
222,1.97,2.27,1,3303552001,4,56.0,4,35.0,2.0,4,1.0,2,0,,,35.0428928665889,-85.2774580711725,35.0411100135649,-85.2726187870751
223,2.27,2.48,1,3303552001,4,60.0,4,35.0,2.0,4,1.0,2,0,15.0,,35.0411100135649,-85.2726187870751,35.039851327817,-85.2692003749611
224,2.48,2.605,1,3303552001,4,60.0,4,35.0,2.0,4,1.0,2,0,,,35.039851327817,-85.2692003749611,35.038545324685,-85.2649713666708
225,2.605,2.86,1,3303552001,2,60.0,2,35.0,2.0,4,1.0,2,0,,,35.038545324685,-85.2649713666708,35.0368283207673,-85.2610413590584
226,0.0,0.13,1,3303553001,4,84.0,4,30.0,2.0,7,1.0,2,0,,,35.0408673360493,-85.3198244768631,35.0400819669608,-85.3177506044615
227,0.13,0.29,1,3303553001,4,84.0,4,30.0,2.0,2,1.0,2,0,,,35.0400819669608,-85.3177506044615,35.0391473320534,-85.3152724679941
228,0.29,0.54,1,3303553001,2,54.0,2,30.0,2.0,2,1.0,2,0,,,35.0391473320534,-85.3152724679941,35.0376243285097,-85.3111994600558
229,0.0,1.5090000000000001,1,3303554001,4,52.0,4,40.0,2.0,2,1.0,2,0,,,35.0289973084315,-85.2881314151025,35.0487913466767,-85.2771683894059
230,1.5090000000000001,2.13,1,3303554001,4,52.0,4,45.0,2.0,2,1.0,2,0,,,35.0487913466767,-85.2771683894059,35.0548824447095,-85.2696388766701
231,2.13,2.2,1,3303554001,4,70.0,4,45.0,2.0,4,1.0,2,0,,,35.0548824447095,-85.2696388766701,35.0555723592327,-85.2689733716463
232,0.0,0.15,1,3303556001,4,96.0,4,35.0,2.0,2,1.0,2,0,,,35.0585243659655,-85.2757173847122,35.0573279529377,-85.2735205219251
233,0.15,0.31,1,3303556001,4,58.0,4,35.0,2.0,2,1.0,2,0,,,35.0573279529377,-85.2735205219251,35.0561064472379,-85.2711320208401
234,0.31,1.21,1,3303556001,4,70.0,4,35.0,2.0,2,1.0,2,0,,,35.0561064472379,-85.2711320208401,35.0516983499543,-85.2565353472657
235,1.21,1.66,1,3303556001,2,60.0,2,35.0,2.0,2,1.0,2,0,,,35.0516983499543,-85.2565353472657,35.0494496463743,-85.2495672650492
236,1.66,1.746,1,3303556001,2,60.0,2,35.0,2.0,7,1.0,2,0,,,35.0494496463743,-85.2495672650492,35.0487493430461,-85.2483373312697
237,1.746,2.07,1,3303556001,3,60.0,3,35.0,2.0,7,1.0,2,0,,,35.0487493430461,-85.2483373312697,35.0479563408136,-85.2430953208428
238,2.07,2.29,1,3303556001,2,70.0,2,40.0,2.0,4,1.0,2,0,,,35.0479563408136,-85.2430953208428,35.0478242232935,-85.2393337034567
239,2.29,3.08,1,3303556001,2,50.0,2,40.0,2.0,4,1.0,2,0,,,35.0478242232935,-85.2393337034567,35.0434603303485,-85.2266545548773
240,3.08,3.18,1,3303556001,2,80.0,2,40.0,2.0,4,1.0,2,0,,,35.0434603303485,-85.2266545548773,35.0431560222086,-85.224890031662
241,3.18,3.66,1,3303556001,4,80.0,4,40.0,2.0,7,1.0,2,0,,,35.0431560222086,-85.224890031662,35.0447100614994,-85.2170427135111
242,3.66,4.16,1,3303556001,4,100.0,4,40.0,2.0,2,1.0,2,0,,,35.0447100614994,-85.2170427135111,35.0510993433481,-85.2127412590541
243,4.16,4.27,1,3303556001,3,60.0,3,45.0,2.0,2,1.0,2,0,,,35.0510993433481,-85.2127412590541,35.0523749795763,-85.2115538349159
244,4.27,5.05,1,3303556001,3,60.0,2,45.0,,,1.0,2,0,,,35.0523749795763,-85.2115538349159,35.0553213502321,-85.2001542328954
245,5.05,5.33,1,3303556001,3,80.0,3,45.0,2.0,2,1.0,2,0,,,35.0553213502321,-85.2001542328954,35.0547450167064,-85.1952996210598
246,5.33,5.392,1,3303556001,4,90.0,4,45.0,2.0,2,1.0,2,0,,,35.0547450167064,-85.1952996210598,35.0546283481103,-85.1942272210692
247,5.392,5.52,1,3303556001,4,120.0,4,45.0,2.0,2,1.0,2,0,,,35.0546283481103,-85.1942272210692,35.0543659246278,-85.1920210001277
248,5.52,5.59,1,3303556001,4,250.0,4,45.0,2.0,2,1.0,2,0,,,35.0543659246278,-85.1920210001277,35.0542183468665,-85.1908152142634
249,0.0,0.81,1,3303557001,2,46.0,2,30.0,2.0,2,1.0,2,0,,,34.9875732256252,-85.2885084233633,34.9982112461956,-85.2827444098206
250,0.81,0.867,1,3303557001,2,48.0,2,30.0,2.0,2,1.0,2,0,,,34.9982112461956,-85.2827444098206,34.9990022477444,-85.2824734091311
251,0.867,0.93,1,3303557001,4,48.0,4,30.0,2.0,2,1.0,2,0,,,34.9990022477444,-85.2824734091311,34.9998601555994,-85.2821837420166
252,0.93,1.1179999999999999,1,3303557001,4,50.0,4,30.0,2.0,2,1.0,2,0,15.0,,34.9998601555994,-85.2821837420166,35.0023272541922,-85.2808224052009
253,1.1179999999999999,1.15,1,3303557001,4,50.0,4,35.0,2.0,2,1.0,2,0,15.0,,35.0023272541922,-85.2808224052009,35.0027555628672,-85.2805903470857
254,1.15,1.202,1,3303557001,4,50.0,4,35.0,2.0,2,1.0,2,0,,,35.0027555628672,-85.2805903470857,35.0034512563655,-85.2802124037677
255,1.202,2.0,1,3303557001,4,50.0,4,35.0,2.0,2,1.0,2,0,,,35.0034512563655,-85.2802124037677,35.013865895787,-85.2746619769062
256,2.0,2.14,1,3303557001,4,90.0,4,35.0,2.0,2,1.0,2,0,,,35.013865895787,-85.2746619769062,35.015653279952,-85.2735433881116
257,0.0,0.402,1,3303559001,2,56.0,2,35.0,2.0,2,1.0,2,0,,,35.0384243303748,-85.3133684642851,35.0438753410517,-85.3115214595759
258,0.402,0.55,1,3303559001,2,,2,,2.0,P,,2,0,,,35.0438753410517,-85.3115214595759,35.0457233447486,-85.3115274592542
259,0.55,0.68,1,3303559001,2,62.0,2,35.0,2.0,2,1.0,2,0,,,35.0457233447486,-85.3115274592542,35.0476105146404,-85.3116210656373
260,0.68,0.72,1,3303559001,2,52.0,2,35.0,2.0,2,1.0,2,0,,,35.0476105146404,-85.3116210656373,35.0481937111246,-85.3116194589933
261,0.72,0.905,1,3303559001,3,56.0,3,35.0,2.0,2,1.0,2,0,,,35.0481937111246,-85.3116194589933,35.0508843550925,-85.3117024586746
262,0.905,1.27,1,3303559001,4,62.0,4,35.0,2.0,2,1.0,2,0,,,35.0508843550925,-85.3117024586746,35.0561513656511,-85.3118994581203
263,0.0,0.06,1,3303560001,4,70.0,4,,1.0,2,1.0,2,0,,,35.05472336279,-85.3118584582956,35.0547503627009,-85.3106874559289
264,0.06,0.12,1,3303560001,2,60.0,2,,1.0,2,1.0,2,0,,,35.0547503627009,-85.3106874559289,35.054796362668,-85.3096654538593
265,0.0,0.62,1,3303561001,6,122.0,6,30.0,2.0,2,1.0,2,0,,,35.0457703447051,-85.3104024569769,35.0547503627009,-85.3106874559289
266,0.0,0.08800000000000001,1,3303565001,2,56.0,2,30.0,2.0,7,1.0,2,0,,,35.0386633283254,-85.2927084225806,35.0392013295734,-85.2941114253124
267,0.08800000000000001,0.266,1,3303565001,2,76.0,2,30.0,2.0,7,1.0,2,0,,,35.0392013295734,-85.2941114253124,35.04031533215,-85.2969574308497
268,0.266,0.31,1,3303565001,2,50.0,2,30.0,2.0,7,1.0,2,0,,,35.04031533215,-85.2969574308497,35.0405725273815,-85.297667357017
269,0.31,0.419,1,3303565001,2,50.0,2,30.0,2.0,2,1.0,2,0,,,35.0405725273815,-85.297667357017,35.0411843341898,-85.2994224356633
270,0.419,0.88,1,3303565001,2,50.0,2,30.0,1.0,2,1.0,2,0,,,35.0411843341898,-85.2994224356633,35.0439503406305,-85.3068484501385
271,0.88,1.03,1,3303565001,2,50.0,2,30.0,2.0,2,1.0,2,0,,,35.0439503406305,-85.3068484501385,35.0448253426889,-85.3093704550664
272,1.03,1.09,1,3303565001,2,50.0,2,30.0,2.0,2,1.0,2,0,,,35.0448253426889,-85.3093704550664,35.0448803429153,-85.3103224569764
273,0.0,0.375,1,3303566001,2,58.0,2,35.0,2.0,2,1.0,2,0,,,35.0439743410995,-85.3102924570795,35.0419732437747,-85.3041293567438
274,0.375,0.49,1,3303566001,2,60.0,2,35.0,2.0,2,1.0,2,0,,,35.0419732437747,-85.3041293567438,35.0412583346901,-85.3023014414557
275,0.49,0.98,1,3303566001,2,60.0,3,35.0,2.0,4,1.0,2,0,,,35.0412583346901,-85.3023014414557,35.0381835711,-85.294510804118
